A: *1, 2, 3.
L: [111], [112], [113], [11], [121], [122], [123], [12], [131], [132],
   [133], [13], [1], [211], [212], [213], [21], [221], [222], [223],
   [22], [231], [232], [233], [23], [2], [311], [312], [313], [31],
   [321], [322], [323], [32], [331], [332], [333], [33], [3], *[].
 
*row(L) #
[123]
[132]
[213]
[231]
[312]
[321]
.
cols(L,L,L) ###
[],[],[]
[1],[2],[3]
[1],[3],[2]
[2],[1],[3]
[2],[3],[1]
[3],[1],[2]
[3],[2],[1]
[11],[22],[33]
[11],[23],[32]
[11],[32],[23]
[12],[21],[33]
[12],[33],[21]
[12],[21],[33]
[13],[21],[32]
[21],[13],[32]
[111],[222],[333]
[111],[223],[332]
[111],[232],[323]
[111],[233],[322]
[111],[322],[233]
[111],[323],[232]
[111],[332],[223]
[111],[333],[222]
[112],[221],[333]
[112],[223],[331]
[112],[231],[323]
[112],[233],[321]
[112],[321],[233]
[112],[323],[231]
[112],[331],[223]
[112],[333],[221]
[113],[221],[332]
[113],[222],[331]
[113],[231],[322]
[113],[232],[321]
[113],[321],[232]
[113],[322],[231]
[113],[331],[222]
[113],[332],[221]
[121],[212],[333]
[121],[213],[332]
[121],[232],[313]
[121],[233],[312]
[121],[312],[233]
[121],[313],[232]
[121],[332],[213]
[121],[333],[212]
[122],[211],[333]
[122],[213],[331]
[122],[231],[313]
[122],[233],[311]
[122],[311],[233]
[122],[313],[231]
[122],[331],[213]
[122],[333],[211]
[123],[211],[332]
[123],[212],[331]
[123],[231],[312]
[123],[232],[311]
[123],[311],[232]
[123],[312],[231]
[123],[331],[212]
[123],[332],[211]
[131],[212],[323]
[131],[213],[322]
[131],[222],[313]
[131],[223],[312]
[131],[312],[223]
[131],[313],[222]
[131],[322],[213]
[131],[323],[212]
[132],[211],[323]
[132],[213],[321]
[132],[221],[313]
[132],[223],[311]
[132],[311],[223]
[132],[313],[221]
[132],[321],[213]
[132],[323],[211]
[133],[211],[322]
[133],[212],[321]
[133],[221],[312]
[133],[222],[311]
[133],[311],[222]
[133],[312],[221]
[133],[321],[212]
[133],[322],[211]
[211],[122],[333]
[211],[123],[332]
[211],[132],[323]
[211],[133],[322]
[211],[322],[133]
[211],[323],[132]
[211],[332],[123]
[211],[333],[122]
[212],[121],[333]
[212],[123],[331]
[212],[131],[323]
[212],[133],[321]
[212],[321],[133]
[212],[323],[131]
[212],[331],[123]
[212],[333],[121]
[213],[121],[332]
[213],[122],[331]
[213],[131],[322]
[213],[132],[321]
[213],[321],[132]
[213],[322],[131]
[213],[331],[122]
[213],[332],[121]
[221],[112],[333]
[221],[113],[332]
[221],[132],[313]
[221],[133],[312]
[221],[312],[133]
[221],[313],[132]
[221],[332],[113]
[221],[333],[112]
[222],[111],[333]
[222],[113],[331]
[222],[131],[313]
[222],[133],[311]
[222],[311],[133]
[222],[313],[131]
[222],[331],[113]
[222],[333],[111]
[223],[111],[332]
[223],[112],[331]
[223],[131],[312]
[223],[132],[311]
[223],[311],[132]
[223],[312],[131]
[223],[331],[112]
[223],[332],[111]
[231],[112],[323]
[231],[113],[322]
[231],[122],[313]
[231],[123],[312]
[231],[312],[123]
[231],[313],[122]
[231],[322],[113]
[231],[323],[112]
[232],[111],[323]
[232],[113],[321]
[232],[121],[313]
[232],[123],[311]
[232],[311],[123]
[232],[313],[121]
[232],[321],[113]
[232],[323],[111]
[233],[111],[322]
[233],[112],[321]
[233],[121],[312]
[233],[122],[311]
[233],[311],[122]
[233],[312],[121]
[233],[321],[112]
[233],[322],[111]
[311],[122],[233]
[311],[123],[232]
[311],[132],[223]
[311],[133],[222]
[311],[222],[133]
[311],[223],[132]
[311],[232],[123]
[311],[233],[122]
[312],[121],[233]
[312],[123],[231]
[312],[131],[223]
[312],[133],[221]
[312],[221],[133]
[312],[223],[131]
[312],[231],[123]
[312],[233],[121]
[313],[121],[232]
[313],[122],[231]
[313],[131],[222]
[313],[132],[221]
[313],[221],[132]
[313],[222],[131]
[313],[231],[122]
[313],[232],[121]
[321],[112],[233]
[321],[113],[232]
[321],[132],[213]
[321],[133],[212]
[321],[212],[133]
[321],[213],[132]
[321],[232],[113]
[321],[233],[112]
[322],[111],[233]
[322],[113],[231]
[322],[131],[213]
[322],[133],[211]
[322],[211],[133]
[322],[213],[131]
[322],[231],[113]
[322],[233],[111]
[323],[111],[232]
[323],[112],[231]
[323],[131],[212]
[323],[132],[211]
[323],[211],[132]
[323],[212],[131]
[323],[231],[112]
[323],[232],[111]
[331],[112],[223]
[331],[113],[222]
[331],[122],[213]
[331],[123],[212]
[331],[212],[123]
[331],[213],[122]
[331],[222],[113]
[331],[223],[112]
[332],[111],[223]
[332],[113],[221]
[332],[121],[213]
[332],[123],[211]
[332],[211],[123]
[332],[213],[121]
[332],[221],[113]
[332],[223],[111]
[333],[111],[222]
[333],[112],[221]
[333],[121],[212]
[333],[122],[211]
[333],[211],[122]
[333],[212],[121]
[333],[221],[112]
[333],[222],[111]
.
sudoku(L,L,L) ###
[123],[231],[312]
[123],[312],[231]
[132],[213],[321]
[132],[321],[213]
[231],[123],[312]
[231],[312],[123]
[213],[132],[321]
[213],[321],[132]
[312],[231],[123]
[312],[123],[231]
[321],[213],[132]
[321],[132],[213]
.

sudoku
[123],[231],[312]: +
[111],[111],[111]: -
.
